0.15826331,0.5173913,0.9019608,0.023655912,0.8563536,0.70980394,0.11464968,0.8532609,0.72156864,0.0,0.0,0.0
0.56072354,0.6,0.84313726,0.88235295,0.7589286,0.4392157,0.35064936,1.0,0.90588236,0.0,0.0,1.0
0.6465325,0.6367521,0.91764706,0.8708514,0.90588236,1.0,0.508547,0.27272728,0.56078434,0.0,0.0,1.0
0.20370372,0.80597013,0.5254902,0.4482759,0.9354839,0.972549,0.6812715,0.9238095,0.8235294,0.0,0.0,1.0
0.36836517,0.91812867,0.67058825,0.6166666,0.5325444,0.6627451,0.5238095,0.14583333,0.1882353,0.0,0.0,1.0
0.9166667,0.72131145,0.7176471,0.7857143,0.1590909,0.5176471,0.6467237,0.7548387,0.60784316,0.0,0.0,1.0
0.67857146,0.56852794,0.77254903,0.99114335,0.98571426,0.8235294,0.7083333,0.7914438,0.73333335,0.0,0.0,1.0
0.16666667,0.015873017,0.24705882,0.8520924,0.95454544,0.9490196,0.15873016,0.8442211,0.78039217,0.0,0.0,1.0
0.29198965,0.65482235,0.77254903,0.22746332,0.7327189,0.8509804,0.73333335,0.12605043,0.46666667,0.0,0.0,0.0
0.09615385,0.29213482,0.69803923,0.375,0.27450982,0.8,0.33221474,0.59839356,0.9764706,0.0,0.0,0.0
0.4465812,1.0,0.6117647,0.5422535,0.4640523,0.6,0.57246375,0.777027,0.5803922,0.0,0.0,1.0
0.95726496,0.8239437,0.5568628,0.5698413,0.6104651,0.6745098,0.7383253,0.96728975,0.8392157,0.0,0.0,1.0
0.19217686,0.6805556,0.5647059,0.13730569,0.9061033,0.8352941,0.7635934,0.6103896,0.90588236,0.0,0.0,0.0
0.574187,0.9425287,0.68235296,0.81382114,0.8541667,0.9411765,0.9235474,0.8582677,0.49803922,0.0,0.0,1.0
0.9316436,0.97309417,0.8745098,0.75986844,0.8786127,0.6784314,0.46616542,0.6751269,0.77254903,0.0,0.0,1.0
0.73571426,0.7070707,0.3882353,0.0,0.6509434,0.41568628,0.042314332,0.9897436,0.7647059,0.0,0.0,1.0
0.4030303,0.4888889,0.88235295,0.28036177,0.6825397,0.7411765,0.4102564,0.8552632,0.89411765,0.0,0.0,0.0
0.9636752,0.8914286,0.6862745,0.3979592,0.765625,0.5019608,0.22997415,0.6,0.84313726,0.0,0.0,1.0
0.48358586,0.58666664,0.88235295,0.7125604,0.8661088,0.9372549,0.5862069,0.5272727,0.43137255,0.0,0.0,1.0
0.5052493,0.61650485,0.80784315,0.7025948,0.7556561,0.8666667,0.8244445,0.90909094,0.64705884,0.0,0.0,1.0
0.32995495,0.62184876,0.93333334,0.027027031,0.88095236,0.65882355,0.15222223,0.79787236,0.7372549,0.0,0.0,0.0
0.67333335,0.28089887,0.34901962,0.65891474,0.36134455,0.46666667,0.20957096,0.74814814,0.5294118,0.0,0.0,1.0
0.61407405,0.9,0.98039216,0.058139533,0.704918,0.23921569,0.19411767,0.52469134,0.63529414,0.0,0.0,1.0
0.33333334,0.05957447,0.92156863,0.63799286,0.48947367,0.74509805,0.90220386,0.61421317,0.77254903,0.0,0.0,0.0
0.9160998,0.7205882,0.8,0.2535461,0.49473685,0.74509805,0.071949,1.0,0.7176471,0.0,0.0,0.0
0.3871528,0.58536583,0.6431373,0.85333335,0.66079295,0.8901961,0.28437498,0.6896552,0.9098039,0.0,0.0,0.0
0.060224086,0.6165803,0.75686276,0.47126436,0.90625,0.627451,0.26937985,0.75438595,0.89411765,0.0,0.0,0.0
0.11643835,0.918239,0.62352943,0.44919786,0.73333335,1.0,0.8439716,0.8197674,0.6745098,0.0,0.0,0.0
0.3235294,0.28651685,0.69803923,0.09848485,0.6197183,0.5568628,0.38047138,0.39285713,0.9882353,0.0,0.0,0.0
0.33707866,0.3755274,0.92941177,0.99425286,0.453125,0.7529412,0.027426163,0.64489794,0.9607843,0.0,0.0,0.0
0.7826667,0.5274262,0.92941177,0.84543014,1.0,0.972549,0.41369048,0.5803109,0.75686276,0.0,0.0,1.0
0.657197,0.35341364,0.9764706,0.3129252,0.5697674,0.6745098,0.72035795,0.6182573,0.94509804,0.0,0.0,1.0
0.025862068,0.9626556,0.94509804,0.79193205,0.6624473,0.92941177,0.858156,0.43925235,0.8392157,0.0,0.0,1.0
0.1888889,0.36734694,0.9607843,0.7794118,0.5284974,0.75686276,0.9662813,0.6947791,0.9764706,0.0,0.0,0.0
0.24000001,0.42735043,0.91764706,0.7831715,0.97630334,0.827451,0.9080882,0.6834171,0.78039217,0.0,0.0,1.0
0.5261438,0.69863015,0.57254905,0.22123893,0.4593496,0.9647059,0.12473118,0.63786006,0.9529412,0.0,0.0,0.0
0.19892474,0.18235295,0.6666667,0.7590909,0.43650794,0.9882353,0.9022222,0.48387095,0.60784316,0.0,0.0,1.0
0.14711934,0.7902439,0.8039216,0.19362743,0.7195767,0.7411765,0.77513224,0.8008475,0.9254902,0.0,0.0,1.0
0.5493827,0.6585366,0.6431373,0.4125,0.43010753,0.7294118,0.53193617,0.835,0.78431374,0.0,0.0,1.0
0.23293173,0.35470086,0.91764706,0.01544715,0.8951965,0.8980392,0.6026201,0.9308943,0.9647059,0.0,0.0,0.0
0.18240742,0.8294931,0.8509804,0.42666665,0.7246377,0.8117647,0.108024694,0.45762712,0.4627451,0.0,0.0,1.0
0.06645569,0.6752137,0.91764706,0.7344633,0.4796748,0.48235294,0.875,0.56842107,0.74509805,0.0,0.0,1.0
0.41577062,0.9162561,0.79607844,0.2868217,0.6292683,0.8039216,0.55864197,0.96,0.88235295,0.0,0.0,0.0
0.24061811,0.65938866,0.8980392,0.9666667,0.055248618,0.70980394,0.09760589,0.95767194,0.7411765,0.0,0.0,0.0
0.38961038,0.7586207,0.79607844,0.8492063,0.525,0.78431374,0.03191489,0.58264464,0.9490196,0.0,0.0,0.0
0.32843137,0.2982456,0.89411765,0.19923373,0.34251967,0.99607843,0.96153843,0.06403941,0.79607844,0.0,0.0,0.0
0.021645019,0.5167785,0.58431375,0.25990096,0.81781375,0.96862745,0.26682317,0.8729508,0.95686275,0.0,0.0,0.0
0.937247,1.0,0.96862745,0.4097222,0.7671233,0.85882354,0.24319728,0.601227,0.6392157,0.0,0.0,0.0
0.76969695,0.6395349,0.6745098,0.3083333,0.95238096,0.90588236,0.067129634,0.9,0.9411765,0.0,0.0,0.0
0.844697,0.17254902,1.0,0.8535714,0.8,0.6862745,0.43888888,0.9411765,1.0,0.0,0.0,0.0
0.19517545,0.38190955,0.78039217,0.29591838,0.2139738,0.8980392,0.5307017,0.80508476,0.9254902,0.0,0.0,0.0
0.9587459,0.43913043,0.9019608,0.99681526,0.7072072,0.87058824,0.102713175,0.6745098,1.0,0.0,0.0,0.0
0.09354839,0.8857143,0.6862745,0.99856323,0.46774194,0.972549,0.93445694,0.4784946,0.7294118,0.0,0.0,0.0
0.7959502,0.5119617,0.81960785,0.37290168,0.6682692,0.8156863,0.13756613,0.90430623,0.81960785,0.0,0.0,0.0
0.9209622,0.7854251,0.96862745,0.81088084,0.8041667,0.9411765,0.6213873,0.7393162,0.91764706,0.0,0.0,1.0
0.77160496,0.9270386,0.9137255,0.5242718,0.75735295,0.53333336,0.077898555,0.72440946,0.99607843,0.0,0.0,1.0
0.25968993,0.76106197,0.8862745,0.053594768,1.0,1.0,0.46376812,0.8380567,0.96862745,0.0,0.0,0.0
